23102103009
23110103006
23106107042
23104108035
23102109023
23105109017
23105111019
23101113037
23119113019
23101117014
23103118005
23105118012
23105123023
23105124089
23102125012
23102125021
23101126003
23102126024
23102126029
23102126030
23103127016
23105127058
23102128001
23101129035
23101130036
23104130022
23102133005
23105136002
23105136006
23102140003
23153140028
23157140025
23157140028
23103141017
23101144025
23101145012
23153145040
23157147018
23154149039
23102151009
23155151041
23103152006
23103152017
23103152026
23102153001
23103153011
23101154050
23101156008
23101156028
23101158052
23101158058
23151158014
23151158042
23101159043
23103159013
